5
6
9
13
14
23
28
29
39
43
45
48
49
50
51
53
60
61
65
67
71
72
75
79
85
88
92
93
97
102
107
109
114
117
120
121
122
125
130
132
133
138
145
148
150
154
161
164
165
176
177
178
191
193
199
208
209
210
215
233
235
237
240
247
248
253
260
261
263
271
276
278
279
287
288
293
295
296
298
303
321
322
324
326
331
335
342
344
347
355
358
367
373
379
383
417
425
428
438
441
442
445
450
460
463
468
469
470
471
472
473
481
484
487
494
498
507
511
512
526
531
533
535
537
542
545
553
554
558
560
562
564
565
572
577
579
584
587
590
591
595
603
607
610
629
640
646
647
648
651
656
663
665
669
675
676
700
701
702
703
708
719
723
725
727
734
741
744
746
747
752
759
763
764
771
782
797
801
806
810
812
815
816
821
825
831
833
834
840
846
847
848
849
853
856
859
860
864
867
870
876
877
878
882
885
892
893
898
901
905
910
912
918
921
922
937
941
947
948
952
961
966
972
978
981
984
985
988
995
1000
1011
1014
1017
1019
1022
1025
1027
1028
1032
1035
1038
1041
1044
1046
1049
1054
1061
1064
1066
1069
1070
1076
1078
1079
1081
1082
1092
1096
1105
1109
1113
1121
1129
1130
1133
1138
1147
1148
1162
1166
1179
1180
1188
1189
1194
1211
1214
1215
1222
1226
1236
1239
1241
1242
1245
1251
1256
1260
1263
1268
1273
1281
1288
1289
1291
1293
1294
1297
1306
1312
1313
1316
1321
1325
1333
1334
1347
1348
1352
1353
1354
1355
1360
1361
1362
1366
1374
1376
1384
1386
1389
1391
1397
1398
1402
1415
1417
1424
1427
1428
1429
1431
1433
1437
1441
1443
1448
1449
1450
1452
1456
1458
1471
1477
1478
1483
1485
1490
1492
1504
1505
1507
1508
1509
1513
1524
1526
1527
1530
1531
1554
1558
1560
1565
1570
1579
1585
1589
1592
1596
1597
1600
1601
1608
1609
1620
1621
1629
1634
1637
1638
1643
1654
1655
1656
1657
1665
1666
1667
1669
1672
1675
1677
1686
1700
1708
1714
1715
1716
1721
1736
1738
1739
1743
1744
1746
1747
1751
1758
1762
1767
1772
1774
1780
1787
1789
1796
1798
1803
1805
1815
1819
1824
1827
1828
1832
1834
1835
1837
1841
1846
1851
1857
1859
1860
1861
1866
1876
1882
1884
1890
1893
1898
1899
1902
1904
1907
1911
1915
1918
1919
1921
1925
1937
1941
1942
1949
1954
1959
1966
1968
1984
1986
1991
1993
1998
2001
2003
2008
2013
2014
2020
2021
2022
2034
2036
2038
2040
2041
2044
2048
2049
2055
2059
2065
2070
2088
2090
2096
2102
2105
2111
2113
2122
2123
2124
2128
2135
2136
2138
2139
2142
2149
2156
2157
2158
2163
2165
2169
2172
2175
2180
2185
2194
2202
2209
2216
2218
2219
2229
2243
2249
2251
2253
2260
2263
2265
2276
2279
2289
2292
2293
2295
2296
2299
2303
2308
2310
2316
2321
2323
2324
2325
2330
2333
2338
2339
2341
2342
2343
2345
2356
2358
2362
2373
2381
2388
2391
2402
2403
2410
2411
2415
2426
2431
2437
2442
2453
2454
2457
2462
2465
2469
2470
2473
2489
2496
2505
2506
2519
2520
2526
2527
2535
2537
2547
2553
2554
2557
2561
2562
2579
2583
2590
2593
2598
2602
2606
2609
2610
2624
2634
2635
2636
2645
2646
2648
2650
2651
2655
2656
2657
2668
2678
2689
2691
2704
2707
2709
2711
2715
2719
2723
2724
2727
2728
2733
2743
2744
2747
2748
2751
2752
2754
2757
2758
2768
2771
2772
2776
2783
2784
2789
2801
2802
2803
2811
2812
2813
2821
2823
2825
2827
2837
2846
2855
2859
2865
2871
2875
2878
2881
2884
2889
2890
2891
2908
2911
2912
2919
2920
2921
2925
2929
2931
2933
2934
2940
2942
2946
2968
2973
2975
2986
2987
2988
2991
3002
3005
3008
3011
3013
3014
3016
3017
3018
3026
3029
3035
3043
3045
3046
3048
3052
3054
3055
3058
3066
3067
3072
3074
3076
3081
3083
3085
3088
3090
3097
3098
3102
3105
3111
3115
3123
3126
3129
3133
3143
3145
3151
3156
3162
3167
3174
3179
3180
3186
3187
3188
3190
3198
3199
3201
3204
3213
3214
3216
3217
3221
3226
3230
3232
3234
3237
3239
3243
3248
3249
3253
3257
3258
3269
3271
3273
3274
3275
3277
3281
3291
3293
3299
3309
3312
3317
3320
3321
3322
3323
3326
3349
3354
3368
3371
3373
3379
3384
3388
3398
3404
3405
3412
3413
3414
3419
3422
3437
3438
3450
3453
3460
3463
3467
3468
3473
3476
3478
3480
3481
3483
3484
3485
3487
3490
3497
3506
3507
3508
3513
3517
3524
3527
3530
3533
3535
3540
3541
3543
3545
3547
3551
3561
3563
3564
3570
3576
3589
3594
3604
3608
3614
3620
3623
3624
3625
3629
3633
3635
3637
3662
3666
3668
3670
3672
3675
3677
3684
3686
3692
3695
3699
3708
3709
3713
3717
3721
3722
3723
3726
3728
3730
3748
3759
3760
3763
3775
3780
3785
3786
3787
3792
3798
3802
3804
3807
3813
3819
3820
3822
3826
3829
3837
3852
3855
3856
3858
3870
3874
3876
3881
3896
3898
3903
3910
3929
3942
3943
3944
3949
3956
3957
3958
3959
3960
3961
3964
3966
3981
3986
3989
3990
3994
