0
2
3
12
16
17
19
23
27
33
39
40
44
46
47
49
54
55
56
57
67
68
71
72
78
82
85
92
98
103
107
110
119
122
125
127
129
132
133
134
135
138
146
147
154
156
165
167
172
174
176
177
178
179
181
183
189
191
199
202
203
204
205
212
214
222
223
224
228
230
231
234
240
241
244
245
246
250
257
259
265
266
268
270
272
273
277
278
279
280
281
282
285
286
291
293
297
305
312
322
324
335
336
344
345
353
355
357
359
361
367
369
372
379
383
386
394
398
400
401
407
408
413
414
417
419
421
423
434
436
438
439
440
443
445
446
454
455
459
461
466
467
470
472
475
480
484
486
487
489
491
495
496
499
503
504
506
513
521
524
530
534
537
540
541
550
554
557
564
571
577
579
580
584
587
588
592
595
603
608
614
617
621
623
624
626
627
630
643
647
657
660
662
663
668
669
674
676
680
681
683
693
694
703
708
724
727
730
731
732
738
744
745
747
749
753
754
756
757
762
766
768
769
786
787
792
799
800
801
802
805
806
810
812
815
816
823
826
828
831
837
841
842
847
848
849
851
855
865
866
867
868
869
872
875
876
882
890
900
901
903
905
910
911
913
914
921
939
944
947
955
958
959
960
964
965
966
968
969
970
972
974
978
984
991
996
1001
1002
1004
1008
1011
1015
1016
1022
1023
1025
1030
1034
1037
1040
1044
1045
1047
1065
1068
1070
1073
1074
1081
1083
1084
1085
1092
1093
1095
1099
1105
1106
1116
1120
1123
1125
1127
1129
1130
1132
1134
1136
1139
1140
1141
1145
1147
1148
1158
1159
1161
1167
1169
1171
1172
1181
1189
1192
1193
1196
1198
1199
1226
1227
1235
1241
1244
1248
1249
1250
1256
1260
1267
1270
1273
1274
1278
1279
1285
1289
1297
1299
1300
1302
1306
1310
1312
1313
1315
1320
1321
1327
1333
1334
1338
1340
1344
1348
1349
1350
1352
1353
1356
1357
1364
1365
1366
1367
1369
1378
1381
1385
1386
1387
1392
1399
1404
1405
1406
1408
1414
1415
1416
1424
1425
1432
1437
1446
1448
1450
1451
1457
1475
1478
1480
1481
1492
1495
1498
1499
1502
1504
1507
1510
1511
1515
1517
1518
1519
1520
1521
1523
1531
1533
1534
1541
1550
1551
1553
1554
1557
1561
1562
1563
1574
1575
1586
1587
1588
1593
1594
1595
1596
1598
1601
1615
1618
1622
1627
1629
1632
1635
1636
1637
1642
1643
1647
1650
1654
1656
1662
1664
1673
1675
1677
1678
1681
1685
1686
1687
1691
1694
1699
1703
1704
1705
1708
1722
1725
1729
1734
1737
1744
1745
1746
1748
1749
1750
1751
1752
1753
1755
1766
1769
1770
1779
1780
1785
1787
1789
1790
1791
1792
1800
1802
1806
1811
1812
1815
1822
1839
1849
1850
1851
1856
1857
1858
1867
1874
1877
1878
1885
1889
1890
1896
1901
1902
1904
1910
1914
1916
1920
1921
1923
1930
1935
1940
1944
1952
1953
1957
1960
1961
1969
1980
1987
1988
1991
1993
1996
1998
2000
2009
2016
2022
2027
2031
2034
2035
2040
2041
2043
2045
2046
2049
2059
2061
2066
2067
2071
2073
2074
2081
2086
2090
2093
2095
2096
2099
2100
2115
2116
2119
2125
2131
2133
2134
2135
2140
2144
2147
2149
2150
2153
2158
2160
2163
2165
2166
2168
2169
2175
2176
2180
2182
2188
2201
2203
2206
2210
2213
2214
2215
2221
2227
2231
2235
2237
2238
2240
2243
2245
2251
2253
2254
2255
2260
2263
2266
2267
2272
2278
2279
2280
2281
2282
2294
2303
2305
2307
2308
2312
2316
2321
2322
2325
2330
2331
2334
2338
2339
2340
2341
2347
2353
2354
2360
2361
2362
2370
2371
2374
2375
2379
2382
2384
2386
2389
2395
2396
2397
2399
2408
2411
2415
2416
2422
2424
2426
2431
2433
2436
2443
2446
2448
2449
2462
2464
2468
2469
2470
2473
2475
2476
2478
2479
2482
2484
2489
2496
2499
2500
2507
2511
2512
2514
2522
2523
2528
2529
2533
2541
2546
2550
2551
2553
2554
2558
2562
2570
2571
2580
2584
2590
2591
2592
2597
2602
2605
2608
2610
2614
2620
2621
2622
2623
2624
2629
2631
2632
2642
2643
2647
2648
2656
2661
2665
2669
2670
2673
2674
2677
2678
2679
2680
2682
2683
2684
2685
2689
2692
2696
2697
2700
2701
2708
2709
2710
2711
2712
2716
2717
2719
2722
2726
2728
2730
2736
2737
2739
2742
2747
2761
2763
2767
2775
2784
2786
2790
2791
2794
2795
2797
2804
2807
2817
2819
2820
2821
2822
2823
2828
2839
2844
2845
2846
2848
2852
2857
2859
2861
2864
2865
2867
2870
2872
2875
2881
2884
2885
2887
2889
2895
2903
2910
2911
2912
2914
2921
2924
2932
2937
2947
2951
2954
2955
2959
2969
2973
2974
2983
2986
2994
2995
3000
3006
3014
3016
3017
3020
3021
3026
3028
3029
3035
3040
3042
3049
3055
3063
3064
3066
3075
3077
3089
3093
3097
3099
3105
3106
3112
3115
3116
3119
3124
3127
3128
3129
3136
3139
3150
3153
3155
3163
3165
3170
3171
3175
3176
3180
3183
3185
3186
3188
3196
3197
3198
3199
3207
3208
3215
3216
3217
3219
3222
3225
3226
3228
3229
3231
3232
3235
3238
3242
3243
3265
3266
3267
3269
3273
3277
3278
3279
3282
3283
3284
3288
3289
3290
3292
3296
3299
3300
3306
3309
3313
3314
3315
3318
3319
3323
3325
3326
3327
3334
3336
3338
3341
3343
3344
3351
3359
3361
3363
3366
3368
3369
3375
3380
3381
3386
3389
3393
3395
3399
3400
3401
3404
3407
3409
3413
3416
3417
3428
3433
3434
3439
3440
3444
3446
3447
3454
3457
3458
3460
3463
3465
3469
3474
3475
3481
3484
3485
3486
3487
3499
3502
3504
3507
3508
3509
3511
3517
3518
3519
3523
3524
3527
3534
3535
3538
3540
3541
3543
3546
3550
3552
3553
3555
3562
3563
3566
3567
3568
3570
3572
3573
3576
3577
3580
3582
3589
3590
3592
3593
3595
3596
3604
3612
3617
3618
3627
3629
3639
3640
3641
3642
3646
3649
3653
3660
3661
3663
3664
3666
3672
3673
3674
3676
3677
3683
3693
3696
3697
3699
3700
3701
3704
3711
3713
3714
3715
3720
3721
3726
3729
3732
3733
3739
3749
3750
3752
3753
3755
3757
3767
3769
3771
3773
3778
3782
3783
3785
3789
3793
3795
3798
3804
3809
3812
3813
3814
3816
3817
3820
3824
3825
3827
3829
3831
3832
3833
3835
3836
3841
3842
3848
3851
3857
3859
3860
3863
3866
3868
3870
3871
3874
3875
3881
3884
3885
3888
3889
3890
3891
3892
3897
3899
3902
3908
3909
3910
3911
3914
3922
3925
3930
3931
3934
3936
3942
3945
3946
3952
3955
3958
3960
3963
3974
3976
3983
3989
3990
3993
